101,"c",88300000.00,1
102,"s",63250000.00,1
201,"s",79450000.00,1
202,"s",89320000.00,1
203,"s",91650000.00,1
204,"s",8080000.00,1
205,"s",92660000.00,1
301,"c",1500000.00,1
302,"c",11900000.00,1
303,"c",52110000.00,1
304,"c",12100000.00,1
401,"s",94110000.00,1
402,"s",55460000.00,1
501,"c",5220000.00,1
502,"c",9710000.00,1
503,"c",46550000.00,1
601,"c",18870000.00,1
701,"c",81590000.00,1
702,"s",49040000.00,1
703,"s",33070000.00,1
801,"c",92090000.00,1
802,"c",62870000.00,1
803,"c",99190000.00,1
804,"s",93700000.00,1
805,"c",26870000.00,1
901,"c",55970000.00,1
902,"s",12890000.00,1
903,"s",70540000.00,1
1001,"s",55100000.00,1
1002,"s",90210000.00,1
1003,"c",970000.00,1
1004,"s",35150000.00,1
1005,"c",49420000.00,1
1101,"s",1340000.00,1
1201,"s",78620000.00,1
1202,"c",91410000.00,1
1203,"c",30320000.00,1
1204,"s",8840000.00,1
1301,"s",33210000.00,1
1401,"s",44120000.00,1
1402,"s",84020000.00,1
1403,"c",59520000.00,1
1404,"c",19220000.00,1
1501,"c",75830000.00,1
1502,"s",76780000.00,1
1503,"s",20290000.00,1
1504,"c",89380000.00,1
1601,"s",76370000.00,1
1602,"s",92310000.00,1
1701,"s",68410000.00,1
1702,"s",10930000.00,1
1801,"c",56720000.00,1
1901,"s",72770000.00,1
1902,"s",68550000.00,1
1903,"s",29820000.00,1
1904,"c",42870000.00,1
1905,"c",61750000.00,1
2001,"s",68400000.00,1
2002,"c",3160000.00,1
2101,"c",93160000.00,1
2201,"c",5570000.00,1
2202,"s",6390000.00,1
2203,"c",12770000.00,1
2301,"s",1320000.00,1
2401,"s",81000000.00,1
2402,"c",88640000.00,1
2403,"c",14810000.00,1
2404,"c",15840000.00,1
2405,"c",86360000.00,1
2501,"s",240000.00,1
2502,"s",85730000.00,1
2503,"c",50560000.00,1
2504,"c",85330000.00,1
2601,"c",53060000.00,1
2602,"c",16700000.00,1
2603,"s",15020000.00,1
2701,"c",48970000.00,1
2702,"c",71880000.00,1
2703,"s",53650000.00,1
2704,"c",36760000.00,1
2801,"c",95740000.00,1
2901,"s",38430000.00,1
2902,"c",39520000.00,1
2903,"s",39490000.00,1
3001,"c",48640000.00,1
3002,"s",34300000.00,1
3003,"c",23190000.00,1
3101,"c",45720000.00,1
3102,"s",64580000.00,1
3103,"c",61450000.00,1
3201,"c",82310000.00,1
3301,"s",41100000.00,1
3302,"c",95480000.00,1
3401,"s",93420000.00,1
3402,"c",37240000.00,1
3403,"s",87180000.00,1
3501,"s",68350000.00,1
3502,"s",70560000.00,1
3503,"s",65260000.00,1
3504,"c",56400000.00,1
3505,"s",17400000.00,1
3601,"c",30390000.00,1
3701,"c",50810000.00,1
3702,"s",67710000.00,1
3703,"s",28300000.00,1
3801,"s",23540000.00,1
3802,"c",96770000.00,1
3803,"c",75790000.00,1
3901,"s",22450000.00,1
3902,"c",40580000.00,1
3903,"c",85800000.00,1
4001,"s",93040000.00,1
4002,"s",22290000.00,1
4101,"s",28090000.00,1
4102,"c",99410000.00,1
4103,"c",87720000.00,1
4201,"s",97170000.00,1
4202,"c",40560000.00,1
4301,"s",81520000.00,1
4302,"c",63940000.00,1
4303,"s",48660000.00,1
4401,"c",93350000.00,1
4402,"s",1090000.00,1
4501,"s",94710000.00,1
4502,"s",57930000.00,1
4601,"s",99140000.00,1
4602,"c",90700000.00,1
4701,"c",15900000.00,1
4801,"c",54760000.00,1
4802,"s",36940000.00,1
4901,"c",31770000.00,1
4902,"s",92220000.00,1
4903,"s",21800000.00,1
4904,"c",68940000.00,1
5001,"s",54440000.00,1
5002,"c",76390000.00,1
5101,"c",70930000.00,1
5102,"s",93100000.00,1
5103,"s",37950000.00,1
5201,"c",80520000.00,1
5301,"s",23640000.00,1
5401,"c",76450000.00,1
5402,"s",4680000.00,1
5501,"c",81250000.00,1
5502,"s",68520000.00,1
5503,"s",18210000.00,1
5504,"s",98330000.00,1
5505,"s",17080000.00,1
5601,"s",28600000.00,1
5701,"c",30080000.00,1
5702,"s",40400000.00,1
5801,"s",41640000.00,1
5802,"s",58060000.00,1
5803,"s",16300000.00,1
5901,"c",88590000.00,1
5902,"c",47390000.00,1
6001,"c",75920000.00,1
6002,"c",85660000.00,1
6101,"c",59580000.00,1
6102,"s",30580000.00,1
6201,"s",66210000.00,1
6301,"c",52750000.00,1
6302,"s",84230000.00,1
6401,"c",58470000.00,1
6402,"s",13820000.00,1
6403,"c",14200000.00,1
6404,"c",24190000.00,1
6501,"s",78230000.00,1
6502,"s",85920000.00,1
6601,"c",5380000.00,1
6602,"s",28170000.00,1
6701,"c",40210000.00,1
6702,"s",83010000.00,1
6703,"s",91530000.00,1
6801,"s",68920000.00,1
6802,"c",63750000.00,1
6901,"s",72250000.00,1
6902,"c",5520000.00,1
7001,"s",20910000.00,1
7101,"c",27970000.00,1
7201,"c",46890000.00,1
7202,"c",80660000.00,1
7301,"s",28130000.00,1
7302,"c",86680000.00,1
7303,"c",59520000.00,1
7304,"s",7870000.00,1
7305,"s",68700000.00,1
7401,"s",74110000.00,1
7402,"c",57260000.00,1
7403,"s",4540000.00,1
7404,"c",92550000.00,1
7501,"s",55540000.00,1
7502,"s",18910000.00,1
7503,"s",5200000.00,1
7504,"c",2060000.00,1
7505,"c",8450000.00,1
7601,"c",99320000.00,1
7602,"c",30600000.00,1
7603,"c",25250000.00,1
7604,"s",55350000.00,1
7701,"c",60790000.00,1
7702,"s",30860000.00,1
7801,"c",43840000.00,1
7802,"s",94210000.00,1
7803,"c",35290000.00,1
7804,"s",70010000.00,1
7805,"s",28190000.00,1
7901,"c",41030000.00,1
7902,"c",15020000.00,1
7903,"c",1380000.00,1
8001,"s",7280000.00,1
8002,"s",48230000.00,1
8101,"c",62370000.00,1
8102,"s",18300000.00,1
8103,"c",38440000.00,1
8104,"c",42320000.00,1
8201,"s",80490000.00,1
8202,"c",41010000.00,1
8203,"c",97240000.00,1
8204,"c",22270000.00,1
8301,"c",5170000.00,1
8302,"s",4390000.00,1
8401,"s",32240000.00,1
8402,"c",14240000.00,1
8501,"c",17910000.00,1
8502,"s",21820000.00,1
8503,"s",66740000.00,1
8504,"s",14550000.00,1
8505,"s",8200000.00,1
8601,"s",83140000.00,1
8602,"c",90790000.00,1
8603,"c",83120000.00,1
8604,"s",21000000.00,1
8605,"c",14370000.00,1
8701,"s",51510000.00,1
8702,"c",76600000.00,1
8703,"s",68080000.00,1
8801,"c",72070000.00,1
8802,"c",32090000.00,1
8803,"s",55090000.00,1
8901,"c",49470000.00,1
8902,"c",98350000.00,1
9001,"s",78220000.00,1
9002,"c",56300000.00,1
9101,"c",17250000.00,1
9102,"c",65570000.00,1
9201,"c",64470000.00,1
9202,"c",34850000.00,1
9203,"c",21920000.00,1
9301,"c",79110000.00,1
9401,"c",57680000.00,1
9402,"c",30630000.00,1
9403,"c",44540000.00,1
9404,"c",81920000.00,1
9501,"c",44040000.00,1
9601,"c",74000000.00,1
9602,"s",84100000.00,1
9603,"s",56400000.00,1
9701,"c",87780000.00,1
9702,"c",82640000.00,1
9801,"c",50690000.00,1
9901,"s",8130000.00,1
10001,"c",53300000.00,1
10002,"c",88680000.00,1
10003,"c",89430000.00,1
